 MeshVersionFormatted 2
 Dimension
 3
 Vertices
 218
                    0                         2                         0      2
                    0                        -2                         0      3
      1.1591549430919                         0                         0      4
      0.8408450569081                         0                         0      6
     -1.1591549430919                         0                         0      7
     -0.8408450569081                         0                         0      9
                    0                       0.5                         0      10
                    0                      -0.5                         0      11
    -0.86776748036626           1.8019377347785                         0      1
     -1.5636629681742            1.246979599657                         0      1
       -1.94985582614          0.44504186012991                         0      1
      -1.949855822575         -0.44504187574941                         0      1
     -1.5636629614764          -1.2469796080558                         0      1
    -0.86776747569791          -1.8019377370267                         0      1
     0.86776748036626          -1.8019377347785                         0      2
      1.5636629681742           -1.246979599657                         0      2
        1.94985582614         -0.44504186012991                         0      2
       1.949855822575          0.44504187574941                         0      2
      1.5636629614764           1.2469796080558                         0      2
     0.86776747569791           1.8019377370267                         0      2
     -1.0795774710879         -0.13783222411992                         0      3
    -0.92042252795761         -0.13783222356883                         0      3
    -0.92042252876947          0.13783222403755                         0      4
     -1.0795774718995          0.13783222365134                         0      4
     0.92042252876947         -0.13783222403755                         0      5
      1.0795774718995         -0.13783222365134                         0      5
      1.0795774710879          0.13783222411992                         0      6
     0.92042252795761          0.13783222356883                         0      6
                    0           1.8333333333345                         0      7
                    0           1.6666666666685                         0      7
                    0           1.5000000000016                         0      7
                    0           1.3333333333346                         0      7
                    0           1.1666666666677                         0      7
                    0           1.0000000000008                         0      7
                    0          0.83333333333385                         0      7
                    0          0.66666666666693                         0      7
                    0         -0.66666666666584                         0      8
                    0         -0.83333333333168                         0      8
                    0         -0.99999999999756                         0      8
                    0          -1.1666666666646                         0      8
                    0          -1.3333333333317                         0      8
                    0          -1.4999999999988                         0      8
                    0          -1.6666666666658                         0      8
                    0          -1.8333333333329                         0      8
                    0           0.3888888888892                         0      9
                    0          0.27777777777839                         0      9
                    0          0.16666666666759                         0      9
                    0         0.055555555556788                         0      9
                    0        -0.055555555554324                         0      9
                    0         -0.16666666666574                         0      9
                    0         -0.27777777777716                         0      9
                    0         -0.38888888888858                         0      9
    -0.87576539876789         -0.97613088628843                         0      1
     0.87576539876844          0.97613088628938                         0      1
     0.87576540034044         -0.97613088561807                         0      1
      -0.875765400341          0.97613088561903                         0      1
      0.5176976088807          0.44563804969173                         0      1
    -0.51769760888014           -0.445638049691                         0      1
     -0.5176976090747          0.44563804975288                         0      1
     0.51769760907414         -0.44563804975215                         0      1
     0.41858722019617       1.2319871685318E-12                         0      1
    -0.41858722019617       1.2319871685318E-12                         0      1
     -0.2621712427391          0.22935380165005                         0      1
     0.26217124273165          0.22935380164858                         0      1
      0.2621712427395         -0.22935380164847                         0      1
    -0.26217124273205           -0.229353801647                         0      1
    -0.30533461094759         -0.73595689164338                         0      1
     0.30533461094857          0.73595689164547                         0      1
     0.30533461103498         -0.73595689171159                         0      1
    -0.30533461103596          0.73595689171368                         0      1
    -0.21978258207036         -0.44444444444429                         0      1
     0.21978258206931           0.4444444444446                         0      1
     0.21978258207036         -0.44444444444429                         0      1
    -0.21978258206931           0.4444444444446                         0      1
     0.45924392502682           1.2500000000012                         0      1
    -0.45924392502575          -1.2499999999982                         0      1
    -0.45924392491125           1.2500000000012                         0      1
     0.45924392491018          -1.2499999999982                         0      1
      0.2056068996538       1.2319871685318E-12                         0      1
     -0.2056068996538       1.2319871685318E-12                         0      1
    -0.59357911469317         -0.17213865415315                         0      1
    -0.80821922424517         -0.42555161682338                         0      1
     0.59357911469388          0.17213865415429                         0      1
     0.80821922424472          0.42555161682372                         0      1
     0.61228003213969         -0.15086706478535                         0      1
     0.80821922505832         -0.42555161710645                         0      1
    -0.61228003214032          0.15086706478634                         0      1
    -0.80821922505788           0.4255516171068                         0      1
     0.36105376215827           1.6054349485849                         0      1
    -0.36105376215817          -1.6054349485832                         0      1
    -0.36105376262068           1.6054349480905                         0      1
     0.36105376262057          -1.6054349480888                         0      1
      1.2820161995033         -0.65698337661568                         0      1
     -1.2820161995023          0.65698337661586                         0      1
     -1.2820161963045         -0.65698338041806                         0      1
      1.2820161963035          0.65698338041825                         0      1
      1.3219826138098         -0.21706470098498                         0      1
     -1.3219826138101          0.21706470098467                         0      1
     -1.4258250739266         -0.19652501431599                         0      1
       1.425825073925           0.1965250143151                         0      1
      0.4283554359194          0.17563655099187                         0      1
    -0.42835543591904         -0.17563655099012                         0      1
    -0.43790533573241          0.17760414836764                         0      1
     0.43790533573201          -0.1776041483653                         0      1
     0.62114790141025         0.021820511060657                         0      1
     -0.6211479014102        -0.021820511059496                         0      1
     0.11433041122606          0.10348613618085                         0      1
    -0.11433041122606          0.10348613618085                         0      1
     0.11433041122614         -0.10348613617875                         0      1
    -0.11433041122614         -0.10348613617875                         0      1
     -0.1323872256684         -0.33441364203915                         0      1
     0.13238722566788          0.33441364204007                         0      1
     0.13238722566946         -0.33441364203936                         0      1
    -0.13238722566895          0.33441364204028                         0      1
    -0.13797740890686         -0.58333333333292                         0      1
     0.13797740890642          0.58333333333346                         0      1
     0.13797740890686         -0.58333333333292                         0      1
    -0.13797740890642          0.58333333333346                         0      1
     -0.1760087962779         -0.89825885229228                         0      1
     0.17600879627862          0.89825885229468                         0      1
     0.17600879629517          -0.8982588523057                         0      1
     -0.1760087962959          0.89825885230809                         0      1
      1.0134635496214         -0.36142345206013                         0      1
     -1.0134635496207          0.36142345206065                         0      1
     -1.0282981857389         -0.35848921162551                         0      1
      1.0282981857379          0.35848921162595                         0      1
    -0.31209705992498        -0.090672923638344                         0      1
     0.31209705992498         0.090672923640357                         0      1
     0.31209705992498        -0.090672923638344                         0      1
    -0.31209705992498         0.090672923640357                         0      1
     0.36654783341468          0.35242311269946                         0      1
    -0.36654783341482         -0.35242311269805                         0      1
    -0.36671404127911           0.3541704257427                         0      1
     0.36671404127934         -0.35417042574123                         0      1
     -0.1218436764149         -0.20737509022284                         0      1
     0.12184367641472          0.20737509022437                         0      1
     0.12184367641632         -0.20737509022312                         0      1
    -0.12184367641614          0.20737509022465                         0      1
     0.13911660204208          0.74831055171178                         0      1
    -0.13911660204127         -0.74831055171015                         0      1
    -0.13911660204753          0.74831055171603                         0      1
     0.13911660204672          -0.7483105517144                         0      1
    -0.10083053060347         -0.44444444444429                         0      1
     0.10083053060293           0.4444444444446                         0      1
     0.10083053060347         -0.44444444444429                         0      1
    -0.10083053060293           0.4444444444446                         0      1
     0.34628076602586           0.5363091742327                         0      1
     0.54576554290405          0.67029518864514                         0      1
    -0.34628076602532          -0.5363091742315                         0      1
    -0.54576554290186         -0.67029518864336                         0      1
    -0.34630846744743          0.53660039312554                         0      1
    -0.54576698547275           0.6703103500646                         0      1
      0.3463084674469         -0.53660039312434                         0      1
     0.54576698547056         -0.67031035006281                         0      1
     0.21733447073329           1.2385867674701                         0      1
    -0.21733447073271          -1.2385867674671                         0      1
    -0.21733447068408           1.2385867674706                         0      1
     0.21733447068351          -1.2385867674677                         0      1
    0.086853544421198       1.1595446824941E-12                         0      1
   -0.086853544421198       1.1595335802639E-12                         0      1
    -0.16947618540427          -1.0580883683746                         0      1
     0.16947618540488           1.0580883683773                         0      1
     0.16947618539978          -1.0580883683798                         0      1
    -0.16947618540039           1.0580883683826                         0      1
     0.77073511349412         -0.14382514095781                         0      1
    -0.77073511349441          0.14382514095786                         0      1
    -0.74743914938479          -0.1317942900771                         0      1
       0.747439149385          0.13179429007752                         0      1
    -0.39270413286542         -0.97533099352961                         0      1
     0.39270413286638           0.9753309935319                         0      1
     0.39270433916209          -0.9753331593634                         0      1
    -0.39270433916305          0.97533315936568                         0      1
    -0.19709257339609          -1.4184480637852                         0      1
     0.19709257339636           1.4184480637879                         0      1
     0.19709257344546          -1.4184480637029                         0      1
    -0.19709257344573           1.4184480637056                         0      1
    -0.53400343470704         -0.29965420557893                         0      1
     0.53400343470911          0.29965420558007                         0      1
     0.52513717512788         -0.29322995151412                         0      1
    -0.52513717512832          0.29322995151509                         0      1
       0.132789894942           1.5911479357915                         0      1
    -0.13278989494204          -1.5911479357889                         0      1
    -0.13278989497839           1.5911479357494                         0      1
     0.13278989497844          -1.5911479357469                         0      1
     0.84013763651475          0.27670132926271                         0      1
     0.67796994150326           0.3269229554527                         0      1
    -0.84013763651482         -0.27670132926178                         0      1
    -0.67796994150265         -0.32692295545248                         0      1
     -0.8407858548715          0.28130050061775                         0      1
    -0.67754792407684          0.32096327862424                         0      1
     0.84078585487149          -0.2813005006177                         0      1
     0.67754792407656          -0.3209632786239                         0      1
    -0.24465114203909         -0.33609439420836                         0      1
     0.24465114203813          0.33609439420928                         0      1
     0.24466628488467         -0.33625358818111                         0      1
     -0.2446662848837          0.33625358818203                         0      1
     0.51335661743472         0.079599501772539                         0      1
    -0.51335661743415        -0.079599501770037                         0      1
    -0.51335661745813         0.079599501769132                         0      1
     0.51335661745755         -0.07959950176663                         0      1
    -0.89750205410476          -1.3527735697274                         0      1
     0.89750205410446            1.352773569729                         0      1
     0.89750205280748          -1.3527735685148                         0      1
    -0.89750205280717           1.3527735685164                         0      1
    -0.66798045872172         -0.50633062555406                         0      1
    -0.85503489063386         -0.63795145370837                         0      1
     0.66798045872222          0.50633062555333                         0      1
      0.8550348906322          0.63795145370969                         0      1
     0.66798045877026         -0.50633062563369                         0      1
     0.85377356554393         -0.63820225276236                         0      1
    -0.66798045877076          0.50633062563296                         0      1
     -0.8537735655423          0.63820225276368                         0      1
       0.215262347641          0.13022929301774                         0      1
     -0.2152623476411         -0.13022929301607                         0      1
    -0.21526234764164          0.13022929301787                         0      1
     0.21526234764174          -0.1302292930162                         0      1
     0.72448553579927        -0.023237527825629                         0      1
    -0.72448553579938         0.023237527825645                         0      1
 Edges
 35
 1 9 1
 9 10 1
 10 11 1
 11 12 1
 12 13 1
 13 14 1
 14 2 1
 2 15 2
 15 16 2
 16 17 2
 17 18 2
 18 19 2
 19 20 2
 20 1 2
 5 21 3
 21 22 3
 22 6 3
 6 23 4
 23 24 4
 24 5 4
 4 25 5
 25 26 5
 26 3 5
 3 27 6
 27 28 6
 28 4 6
 7 45 9
 45 46 9
 46 47 9
 47 48 9
 48 49 9
 49 50 9
 50 51 9
 51 52 9
 52 8 9
 Triangles
 412
 127 80 130 1
 128 79 129 1
 95 53 206 1
 96 54 208 1
 55 93 210 1
 56 94 212 1
 115 71 149 1
 116 72 147 1
 73 117 153 1
 74 118 151 1
 67 115 149 1
 68 116 147 1
 117 69 153 1
 118 70 151 1
 64 112 136 1
 66 111 135 1
 114 63 138 1
 113 65 137 1
 66 102 132 1
 64 101 131 1
 104 65 134 1
 103 63 133 1
 61 128 129 1
 62 127 130 1
 61 101 128 1
 62 102 127 1
 103 62 130 1
 104 61 129 1
 126 96 208 1
 125 95 206 1
 94 124 212 1
 93 123 210 1
 101 64 128 1
 102 66 127 1
 63 103 130 1
 65 104 129 1
 52 51 111 1
 45 46 112 1
 51 52 113 1
 46 45 114 1
 47 48 107 1
 50 49 110 1
 48 47 108 1
 49 50 109 1
 116 68 139 1
 115 67 140 1
 70 118 141 1
 69 117 142 1
 13 53 95 1
 19 54 96 1
 55 16 93 1
 56 10 94 1
 81 106 167 1
 83 105 168 1
 64 136 213 1
 66 135 214 1
 138 63 215 1
 137 65 216 1
 112 64 194 1
 111 66 193 1
 63 114 196 1
 65 113 195 1
 167 106 218 1
 168 105 217 1
 36 7 116 1
 37 8 115 1
 7 36 118 1
 8 37 117 1
 53 13 201 1
 54 19 202 1
 16 55 203 1
 10 56 204 1
 39 38 119 1
 34 35 120 1
 38 39 121 1
 35 34 122 1
 155 162 170 1
 156 161 169 1
 164 157 172 1
 163 158 171 1
 101 61 197 1
 102 62 198 1
 62 103 199 1
 61 104 200 1
 32 33 155 1
 41 40 156 1
 33 32 157 1
 40 41 158 1
 131 101 178 1
 132 102 177 1
 103 133 180 1
 104 134 179 1
 116 7 144 1
 115 8 143 1
 7 118 146 1
 8 117 145 1
 136 107 213 1
 135 110 214 1
 108 138 215 1
 109 137 216 1
 90 76 201 1
 89 75 202 1
 78 92 203 1
 77 91 204 1
 107 48 159 1
 110 49 160 1
 48 108 160 1
 49 109 159 1
 17 18 100 1
 11 12 99 1
 53 76 169 1
 54 75 170 1
 78 55 171 1
 77 56 172 1
 47 107 136 1
 50 110 135 1
 108 47 138 1
 109 50 137 1
 111 51 135 1
 112 46 136 1
 51 113 137 1
 46 114 138 1
 81 167 188 1
 83 168 186 1
 165 85 192 1
 166 87 190 1
 162 120 170 1
 161 119 169 1
 122 164 172 1
 121 163 171 1
 106 87 218 1
 105 85 217 1
 52 111 143 1
 45 112 144 1
 113 52 145 1
 114 45 146 1
 67 150 169 1
 68 148 170 1
 154 69 171 1
 152 70 172 1
 155 75 174 1
 156 76 173 1
 77 157 176 1
 78 158 175 1
 80 110 160 1
 79 107 159 1
 109 79 159 1
 108 80 160 1
 99 95 125 1
 100 96 126 1
 93 97 123 1
 94 98 124 1
 26 25 123 1
 24 23 124 1
 22 21 125 1
 28 27 126 1
 83 101 197 1
 81 102 198 1
 103 87 199 1
 104 85 200 1
 110 80 214 1
 107 79 213 1
 79 109 216 1
 80 108 215 1
 106 81 198 1
 105 83 197 1
 85 105 200 1
 87 106 199 1
 150 53 169 1
 148 54 170 1
 55 154 171 1
 56 152 172 1
 72 131 147 1
 71 132 149 1
 133 74 151 1
 134 73 153 1
 87 166 218 1
 85 165 217 1
 46 47 136 1
 51 50 135 1
 47 46 138 1
 50 51 137 1
 167 187 188 1
 168 185 186 1
 191 165 192 1
 189 166 190 1
 80 127 214 1
 79 128 213 1
 129 79 216 1
 130 80 215 1
 72 116 144 1
 71 115 143 1
 118 74 146 1
 117 73 145 1
 119 38 140 1
 120 35 139 1
 38 121 142 1
 35 122 141 1
 64 131 194 1
 66 132 193 1
 133 63 196 1
 134 65 195 1
 101 83 178 1
 102 81 177 1
 87 103 180 1
 85 104 179 1
 8 52 143 1
 7 45 144 1
 52 8 145 1
 45 7 146 1
 48 49 159 1
 49 48 160 1
 19 20 202 1
 13 14 201 1
 9 10 204 1
 15 16 203 1
 131 72 194 1
 132 71 193 1
 74 133 196 1
 73 134 195 1
 10 11 94 1
 16 17 93 1
 18 19 96 1
 12 13 95 1
 25 4 165 1
 23 6 166 1
 6 22 167 1
 4 28 168 1
 111 71 143 1
 112 72 144 1
 73 113 145 1
 74 114 146 1
 35 36 139 1
 38 37 140 1
 36 35 141 1
 37 38 142 1
 57 178 186 1
 58 177 188 1
 180 59 190 1
 179 60 192 1
 36 116 139 1
 37 115 140 1
 118 36 141 1
 117 37 142 1
 197 61 200 1
 198 62 199 1
 39 119 161 1
 34 120 162 1
 121 39 163 1
 122 34 164 1
 57 131 178 1
 58 132 177 1
 133 59 180 1
 134 60 179 1
 119 67 169 1
 120 68 170 1
 69 121 171 1
 70 122 172 1
 155 33 162 1
 156 40 161 1
 33 157 164 1
 40 158 163 1
 67 149 150 1
 68 147 148 1
 153 69 154 1
 151 70 152 1
 40 39 161 1
 33 34 162 1
 39 40 163 1
 34 33 164 1
 75 89 174 1
 76 90 173 1
 91 77 176 1
 92 78 175 1
 150 205 206 1
 148 207 208 1
 209 154 210 1
 211 152 212 1
 147 57 148 1
 149 58 150 1
 59 151 152 1
 60 153 154 1
 6 167 218 1
 4 168 217 1
 71 111 193 1
 72 112 194 1
 113 73 195 1
 114 74 196 1
 131 57 147 1
 132 58 149 1
 59 133 151 1
 60 134 153 1
 76 53 201 1
 75 54 202 1
 55 78 203 1
 56 77 204 1
 75 155 170 1
 76 156 169 1
 157 77 172 1
 158 78 171 1
 127 66 214 1
 128 64 213 1
 65 129 216 1
 63 130 215 1
 67 119 140 1
 68 120 139 1
 121 69 142 1
 122 70 141 1
 168 28 185 1
 167 22 187 1
 23 166 189 1
 25 165 191 1
 53 150 206 1
 54 148 208 1
 154 55 210 1
 152 56 212 1
 31 32 174 1
 42 41 173 1
 32 31 176 1
 41 42 175 1
 22 125 187 1
 28 126 185 1
 123 25 191 1
 124 23 189 1
 32 155 174 1
 41 156 173 1
 157 32 176 1
 158 41 175 1
 105 197 200 1
 106 198 199 1
 57 186 207 1
 58 188 205 1
 190 59 211 1
 192 60 209 1
 177 81 188 1
 178 83 186 1
 85 179 192 1
 87 180 190 1
 14 90 201 1
 20 89 202 1
 92 15 203 1
 91 9 204 1
 30 31 181 1
 43 42 182 1
 31 30 183 1
 42 43 184 1
 148 57 207 1
 150 58 205 1
 59 152 211 1
 60 154 209 1
 165 4 217 1
 166 6 218 1
 12 95 99 1
 18 96 100 1
 93 17 97 1
 94 11 98 1
 205 82 206 1
 207 84 208 1
 86 209 210 1
 88 211 212 1
 86 123 191 1
 88 124 189 1
 125 82 187 1
 126 84 185 1
 31 174 181 1
 42 173 182 1
 176 31 183 1
 175 42 184 1
 185 84 186 1
 187 82 188 1
 88 189 190 1
 86 191 192 1
 186 84 207 1
 188 82 205 1
 88 190 211 1
 86 192 209 1
 174 89 181 1
 173 90 182 1
 91 176 183 1
 92 175 184 1
 1 9 91 1
 20 1 89 1
 14 2 90 1
 2 15 92 1
 1 29 89 1
 29 1 91 1
 2 44 90 1
 44 2 92 1
 3 26 97 1
 27 3 100 1
 3 97 100 1
 21 5 99 1
 5 24 98 1
 5 98 99 1
 98 11 99 1
 97 17 100 1
 21 99 125 1
 98 24 124 1
 97 26 123 1
 27 100 126 1
 29 30 181 1
 30 29 183 1
 89 29 181 1
 29 91 183 1
 44 43 182 1
 43 44 184 1
 90 44 182 1
 44 92 184 1
 82 125 206 1
 84 126 208 1
 123 86 210 1
 124 88 212 1
 End
